5.7500000000 13.4233937587
6.2500000000 14.2894191624
6.7500000000 13.4233937587
0.2500000000 0.4330127019
0.7500000000 1.2990381057
1.2500000000 2.1650635095
1.7500000000 3.0310889132
2.2500000000 3.8971143170
2.7500000000 4.7631397208
3.2500000000 5.6291651246
3.7500000000 6.4951905284
4.2500000000 7.3612159322
4.7500000000 8.2272413360
5.2500000000 9.0932667397
5.7500000000 9.9592921435
6.2500000000 10.8253175473
6.7500000000 11.6913429511
7.2500000000 12.5573683549
7.7500000000 13.4233937587
8.2500000000 14.2894191624
8.7500000000 15.1554445662
9.2500000000 16.0214699700
9.7500000000 16.8874953738
10.2500000000 17.7535207776
10.7500000000 18.6195461814
11.2500000000 19.4855715851
11.7500000000 20.3515969889
12.2500000000 21.2176223927
12.7500000000 22.0836477965
13.2500000000 22.9496732003
13.7500000000 23.8156986041
14.2500000000 24.6817240079
14.7500000000 25.5477494116
1.2500000000 0.4330127019
1.7500000000 1.2990381057
2.2500000000 2.1650635095
2.7500000000 3.0310889132
3.2500000000 3.8971143170
3.7500000000 4.7631397208
4.2500000000 5.6291651246
4.7500000000 6.4951905284
5.2500000000 7.3612159322
5.7500000000 8.2272413360
6.2500000000 9.0932667397
6.7500000000 9.9592921435
7.2500000000 10.8253175473
7.7500000000 11.6913429511
8.2500000000 12.5573683549
8.7500000000 13.4233937587
9.2500000000 14.2894191624
9.7500000000 15.1554445662
10.2500000000 16.0214699700
10.7500000000 16.8874953738
11.2500000000 17.7535207776
11.7500000000 18.6195461814
12.2500000000 19.4855715851
12.7500000000 20.3515969889
13.2500000000 21.2176223927
13.7500000000 22.0836477965
14.2500000000 22.9496732003
14.7500000000 23.8156986041
15.2500000000 24.6817240079
15.7500000000 25.5477494116
2.2500000000 0.4330127019
2.7500000000 1.2990381057
3.2500000000 2.1650635095
3.7500000000 3.0310889132
4.2500000000 3.8971143170
4.7500000000 4.7631397208
5.2500000000 5.6291651246
5.7500000000 6.4951905284
6.2500000000 7.3612159322
6.7500000000 8.2272413360
7.2500000000 9.0932667397
7.7500000000 9.9592921435
8.2500000000 10.8253175473
8.7500000000 11.6913429511
9.2500000000 12.5573683549
9.7500000000 13.4233937587
10.2500000000 14.2894191624
10.7500000000 15.1554445662
11.2500000000 16.0214699700
11.7500000000 16.8874953738
12.2500000000 17.7535207776
12.7500000000 18.6195461814
13.2500000000 19.4855715851
13.7500000000 20.3515969889
14.2500000000 21.2176223927
14.7500000000 22.0836477965
15.2500000000 22.9496732003
15.7500000000 23.8156986041
16.2500000000 24.6817240079
16.7500000000 25.5477494116
3.2500000000 0.4330127019
3.7500000000 1.2990381057
4.2500000000 2.1650635095
4.7500000000 3.0310889132
5.2500000000 3.8971143170
5.7500000000 4.7631397208
6.2500000000 5.6291651246
6.7500000000 6.4951905284
7.2500000000 7.3612159322
7.7500000000 8.2272413360
8.2500000000 9.0932667397
8.7500000000 9.9592921435
9.2500000000 10.8253175473
9.7500000000 11.6913429511
10.2500000000 12.5573683549
10.7500000000 13.4233937587
11.2500000000 14.2894191624
11.7500000000 15.1554445662
12.2500000000 16.0214699700
12.7500000000 16.8874953738
13.2500000000 17.7535207776
13.7500000000 18.6195461814
14.2500000000 19.4855715851
14.7500000000 20.3515969889
15.2500000000 21.2176223927
15.7500000000 22.0836477965
16.2500000000 22.9496732003
16.7500000000 23.8156986041
17.2500000000 24.6817240079
17.7500000000 25.5477494116
4.2500000000 0.4330127019
4.7500000000 1.2990381057
5.2500000000 2.1650635095
5.7500000000 3.0310889132
6.2500000000 3.8971143170
6.7500000000 4.7631397208
7.2500000000 5.6291651246
7.7500000000 6.4951905284
8.2500000000 7.3612159322
8.7500000000 8.2272413360
9.2500000000 9.0932667397
9.7500000000 9.9592921435
10.2500000000 10.8253175473
10.7500000000 11.6913429511
11.2500000000 12.5573683549
11.7500000000 13.4233937587
12.2500000000 14.2894191624
12.7500000000 15.1554445662
13.2500000000 16.0214699700
13.7500000000 16.8874953738
14.2500000000 17.7535207776
14.7500000000 18.6195461814
15.2500000000 19.4855715851
15.7500000000 20.3515969889
16.2500000000 21.2176223927
16.7500000000 22.0836477965
17.2500000000 22.9496732003
17.7500000000 23.8156986041
18.2500000000 24.6817240079
18.7500000000 25.5477494116
5.2500000000 0.4330127019
5.7500000000 1.2990381057
6.2500000000 2.1650635095
6.7500000000 3.0310889132
7.2500000000 3.8971143170
7.7500000000 4.7631397208
8.2500000000 5.6291651246
8.7500000000 6.4951905284
9.2500000000 7.3612159322
9.7500000000 8.2272413360
10.2500000000 9.0932667397
10.7500000000 9.9592921435
11.2500000000 10.8253175473
11.7500000000 11.6913429511
12.2500000000 12.5573683549
12.7500000000 13.4233937587
13.2500000000 14.2894191624
13.7500000000 15.1554445662
14.2500000000 16.0214699700
14.7500000000 16.8874953738
15.2500000000 17.7535207776
15.7500000000 18.6195461814
16.2500000000 19.4855715851
16.7500000000 20.3515969889
17.2500000000 21.2176223927
17.7500000000 22.0836477965
18.2500000000 22.9496732003
18.7500000000 23.8156986041
19.2500000000 24.6817240079
19.7500000000 25.5477494116
6.2500000000 0.4330127019
6.7500000000 1.2990381057
7.2500000000 2.1650635095
7.7500000000 3.0310889132
8.2500000000 3.8971143170
8.7500000000 4.7631397208
9.2500000000 5.6291651246
9.7500000000 6.4951905284
10.2500000000 7.3612159322
10.7500000000 8.2272413360
11.2500000000 9.0932667397
11.7500000000 9.9592921435
12.2500000000 10.8253175473
12.7500000000 11.6913429511
13.2500000000 12.5573683549
13.7500000000 13.4233937587
14.2500000000 14.2894191624
14.7500000000 15.1554445662
15.2500000000 16.0214699700
15.7500000000 16.8874953738
16.2500000000 17.7535207776
16.7500000000 18.6195461814
17.2500000000 19.4855715851
17.7500000000 20.3515969889
18.2500000000 21.2176223927
18.7500000000 22.0836477965
19.2500000000 22.9496732003
19.7500000000 23.8156986041
20.2500000000 24.6817240079
20.7500000000 25.5477494116
7.2500000000 0.4330127019
7.7500000000 1.2990381057
8.2500000000 2.1650635095
8.7500000000 3.0310889132
9.2500000000 3.8971143170
9.7500000000 4.7631397208
10.2500000000 5.6291651246
10.7500000000 6.4951905284
11.2500000000 7.3612159322
11.7500000000 8.2272413360
12.2500000000 9.0932667397
12.7500000000 9.9592921435
13.2500000000 10.8253175473
13.7500000000 11.6913429511
14.2500000000 12.5573683549
14.7500000000 13.4233937587
15.2500000000 14.2894191624
15.7500000000 15.1554445662
16.2500000000 16.0214699700
16.7500000000 16.8874953738
17.2500000000 17.7535207776
17.7500000000 18.6195461814
18.2500000000 19.4855715851
18.7500000000 20.3515969889
19.2500000000 21.2176223927
19.7500000000 22.0836477965
20.2500000000 22.9496732003
20.7500000000 23.8156986041
21.2500000000 24.6817240079
21.7500000000 25.5477494116
8.2500000000 0.4330127019
8.7500000000 1.2990381057
9.2500000000 2.1650635095
9.7500000000 3.0310889132
10.2500000000 3.8971143170
10.7500000000 4.7631397208
11.2500000000 5.6291651246
11.7500000000 6.4951905284
12.2500000000 7.3612159322
12.7500000000 8.2272413360
13.2500000000 9.0932667397
13.7500000000 9.9592921435
14.2500000000 10.8253175473
14.7500000000 11.6913429511
15.2500000000 12.5573683549
15.7500000000 13.4233937587
16.2500000000 14.2894191624
16.7500000000 15.1554445662
17.2500000000 16.0214699700
17.7500000000 16.8874953738
18.2500000000 17.7535207776
18.7500000000 18.6195461814
19.2500000000 19.4855715851
19.7500000000 20.3515969889
20.2500000000 21.2176223927
20.7500000000 22.0836477965
21.2500000000 22.9496732003
21.7500000000 23.8156986041
22.2500000000 24.6817240079
22.7500000000 25.5477494116
9.2500000000 0.4330127019
9.7500000000 1.2990381057
10.2500000000 2.1650635095
10.7500000000 3.0310889132
11.2500000000 3.8971143170
11.7500000000 4.7631397208
12.2500000000 5.6291651246
12.7500000000 6.4951905284
13.2500000000 7.3612159322
13.7500000000 8.2272413360
14.2500000000 9.0932667397
14.7500000000 9.9592921435
15.2500000000 10.8253175473
15.7500000000 11.6913429511
16.2500000000 12.5573683549
16.7500000000 13.4233937587
17.2500000000 14.2894191624
17.7500000000 15.1554445662
18.2500000000 16.0214699700
18.7500000000 16.8874953738
19.2500000000 17.7535207776
19.7500000000 18.6195461814
20.2500000000 19.4855715851
20.7500000000 20.3515969889
21.2500000000 21.2176223927
21.7500000000 22.0836477965
22.2500000000 22.9496732003
22.7500000000 23.8156986041
23.2500000000 24.6817240079
23.7500000000 25.5477494116
10.2500000000 0.4330127019
10.7500000000 1.2990381057
11.2500000000 2.1650635095
11.7500000000 3.0310889132
12.2500000000 3.8971143170
12.7500000000 4.7631397208
13.2500000000 5.6291651246
13.7500000000 6.4951905284
14.2500000000 7.3612159322
14.7500000000 8.2272413360
15.2500000000 9.0932667397
15.7500000000 9.9592921435
16.2500000000 10.8253175473
16.7500000000 11.6913429511
17.2500000000 12.5573683549
17.7500000000 13.4233937587
18.2500000000 14.2894191624
18.7500000000 15.1554445662
19.2500000000 16.0214699700
19.7500000000 16.8874953738
20.2500000000 17.7535207776
20.7500000000 18.6195461814
21.2500000000 19.4855715851
21.7500000000 20.3515969889
22.2500000000 21.2176223927
22.7500000000 22.0836477965
23.2500000000 22.9496732003
23.7500000000 23.8156986041
24.2500000000 24.6817240079
24.7500000000 25.5477494116
11.2500000000 0.4330127019
11.7500000000 1.2990381057
12.2500000000 2.1650635095
12.7500000000 3.0310889132
13.2500000000 3.8971143170
13.7500000000 4.7631397208
14.2500000000 5.6291651246
14.7500000000 6.4951905284
15.2500000000 7.3612159322
15.7500000000 8.2272413360
16.2500000000 9.0932667397
16.7500000000 9.9592921435
17.2500000000 10.8253175473
17.7500000000 11.6913429511
18.2500000000 12.5573683549
18.7500000000 13.4233937587
19.2500000000 14.2894191624
19.7500000000 15.1554445662
20.2500000000 16.0214699700
20.7500000000 16.8874953738
21.2500000000 17.7535207776
21.7500000000 18.6195461814
22.2500000000 19.4855715851
22.7500000000 20.3515969889
23.2500000000 21.2176223927
23.7500000000 22.0836477965
24.2500000000 22.9496732003
24.7500000000 23.8156986041
25.2500000000 24.6817240079
25.7500000000 25.5477494116
12.2500000000 0.4330127019
12.7500000000 1.2990381057
13.2500000000 2.1650635095
13.7500000000 3.0310889132
14.2500000000 3.8971143170
14.7500000000 4.7631397208
15.2500000000 5.6291651246
15.7500000000 6.4951905284
16.2500000000 7.3612159322
16.7500000000 8.2272413360
17.2500000000 9.0932667397
17.7500000000 9.9592921435
18.2500000000 10.8253175473
18.7500000000 11.6913429511
19.2500000000 12.5573683549
19.7500000000 13.4233937587
20.2500000000 14.2894191624
20.7500000000 15.1554445662
21.2500000000 16.0214699700
21.7500000000 16.8874953738
22.2500000000 17.7535207776
22.7500000000 18.6195461814
23.2500000000 19.4855715851
23.7500000000 20.3515969889
24.2500000000 21.2176223927
24.7500000000 22.0836477965
25.2500000000 22.9496732003
25.7500000000 23.8156986041
26.2500000000 24.6817240079
26.7500000000 25.5477494116
13.2500000000 0.4330127019
13.7500000000 1.2990381057
14.2500000000 2.1650635095
14.7500000000 3.0310889132
15.2500000000 3.8971143170
15.7500000000 4.7631397208
16.2500000000 5.6291651246
16.7500000000 6.4951905284
17.2500000000 7.3612159322
17.7500000000 8.2272413360
18.2500000000 9.0932667397
18.7500000000 9.9592921435
19.2500000000 10.8253175473
19.7500000000 11.6913429511
20.2500000000 12.5573683549
20.7500000000 13.4233937587
21.2500000000 14.2894191624
21.7500000000 15.1554445662
22.2500000000 16.0214699700
22.7500000000 16.8874953738
23.2500000000 17.7535207776
23.7500000000 18.6195461814
24.2500000000 19.4855715851
24.7500000000 20.3515969889
25.2500000000 21.2176223927
25.7500000000 22.0836477965
26.2500000000 22.9496732003
26.7500000000 23.8156986041
27.2500000000 24.6817240079
27.7500000000 25.5477494116
14.2500000000 0.4330127019
14.7500000000 1.2990381057
15.2500000000 2.1650635095
15.7500000000 3.0310889132
16.2500000000 3.8971143170
16.7500000000 4.7631397208
17.2500000000 5.6291651246
17.7500000000 6.4951905284
18.2500000000 7.3612159322
18.7500000000 8.2272413360
19.2500000000 9.0932667397
19.7500000000 9.9592921435
20.2500000000 10.8253175473
20.7500000000 11.6913429511
21.2500000000 12.5573683549
21.7500000000 13.4233937587
22.2500000000 14.2894191624
22.7500000000 15.1554445662
23.2500000000 16.0214699700
23.7500000000 16.8874953738
24.2500000000 17.7535207776
24.7500000000 18.6195461814
25.2500000000 19.4855715851
25.7500000000 20.3515969889
26.2500000000 21.2176223927
26.7500000000 22.0836477965
27.2500000000 22.9496732003
27.7500000000 23.8156986041
28.2500000000 24.6817240079
28.7500000000 25.5477494116
15.2500000000 0.4330127019
15.7500000000 1.2990381057
16.2500000000 2.1650635095
16.7500000000 3.0310889132
17.2500000000 3.8971143170
17.7500000000 4.7631397208
18.2500000000 5.6291651246
18.7500000000 6.4951905284
19.2500000000 7.3612159322
19.7500000000 8.2272413360
20.2500000000 9.0932667397
20.7500000000 9.9592921435
21.2500000000 10.8253175473
21.7500000000 11.6913429511
22.2500000000 12.5573683549
22.7500000000 13.4233937587
23.2500000000 14.2894191624
23.7500000000 15.1554445662
24.2500000000 16.0214699700
24.7500000000 16.8874953738
25.2500000000 17.7535207776
25.7500000000 18.6195461814
26.2500000000 19.4855715851
26.7500000000 20.3515969889
27.2500000000 21.2176223927
27.7500000000 22.0836477965
28.2500000000 22.9496732003
28.7500000000 23.8156986041
29.2500000000 24.6817240079
29.7500000000 25.5477494116
16.2500000000 0.4330127019
16.7500000000 1.2990381057
17.2500000000 2.1650635095
17.7500000000 3.0310889132
18.2500000000 3.8971143170
18.7500000000 4.7631397208
19.2500000000 5.6291651246
19.7500000000 6.4951905284
20.2500000000 7.3612159322
20.7500000000 8.2272413360
21.2500000000 9.0932667397
21.7500000000 9.9592921435
22.2500000000 10.8253175473
22.7500000000 11.6913429511
23.2500000000 12.5573683549
23.7500000000 13.4233937587
24.2500000000 14.2894191624
24.7500000000 15.1554445662
25.2500000000 16.0214699700
25.7500000000 16.8874953738
26.2500000000 17.7535207776
26.7500000000 18.6195461814
27.2500000000 19.4855715851
27.7500000000 20.3515969889
28.2500000000 21.2176223927
28.7500000000 22.0836477965
29.2500000000 22.9496732003
29.7500000000 23.8156986041
0.2500000000 24.6817240079
0.7500000000 25.5477494116
17.2500000000 0.4330127019
17.7500000000 1.2990381057
18.2500000000 2.1650635095
18.7500000000 3.0310889132
19.2500000000 3.8971143170
19.7500000000 4.7631397208
20.2500000000 5.6291651246
20.7500000000 6.4951905284
21.2500000000 7.3612159322
21.7500000000 8.2272413360
22.2500000000 9.0932667397
22.7500000000 9.9592921435
23.2500000000 10.8253175473
23.7500000000 11.6913429511
24.2500000000 12.5573683549
24.7500000000 13.4233937587
25.2500000000 14.2894191624
25.7500000000 15.1554445662
26.2500000000 16.0214699700
26.7500000000 16.8874953738
27.2500000000 17.7535207776
27.7500000000 18.6195461814
28.2500000000 19.4855715851
28.7500000000 20.3515969889
29.2500000000 21.2176223927
29.7500000000 22.0836477965
0.2500000000 22.9496732003
0.7500000000 23.8156986041
1.2500000000 24.6817240079
1.7500000000 25.5477494116
18.2500000000 0.4330127019
18.7500000000 1.2990381057
19.2500000000 2.1650635095
19.7500000000 3.0310889132
20.2500000000 3.8971143170
20.7500000000 4.7631397208
21.2500000000 5.6291651246
21.7500000000 6.4951905284
22.2500000000 7.3612159322
22.7500000000 8.2272413360
23.2500000000 9.0932667397
23.7500000000 9.9592921435
24.2500000000 10.8253175473
24.7500000000 11.6913429511
25.2500000000 12.5573683549
25.7500000000 13.4233937587
26.2500000000 14.2894191624
26.7500000000 15.1554445662
27.2500000000 16.0214699700
27.7500000000 16.8874953738
28.2500000000 17.7535207776
28.7500000000 18.6195461814
29.2500000000 19.4855715851
29.7500000000 20.3515969889
0.2500000000 21.2176223927
0.7500000000 22.0836477965
1.2500000000 22.9496732003
1.7500000000 23.8156986041
2.2500000000 24.6817240079
2.7500000000 25.5477494116
19.2500000000 0.4330127019
19.7500000000 1.2990381057
20.2500000000 2.1650635095
20.7500000000 3.0310889132
21.2500000000 3.8971143170
21.7500000000 4.7631397208
22.2500000000 5.6291651246
22.7500000000 6.4951905284
23.2500000000 7.3612159322
23.7500000000 8.2272413360
24.2500000000 9.0932667397
24.7500000000 9.9592921435
25.2500000000 10.8253175473
25.7500000000 11.6913429511
26.2500000000 12.5573683549
26.7500000000 13.4233937587
27.2500000000 14.2894191624
27.7500000000 15.1554445662
28.2500000000 16.0214699700
28.7500000000 16.8874953738
29.2500000000 17.7535207776
29.7500000000 18.6195461814
0.2500000000 19.4855715851
0.7500000000 20.3515969889
1.2500000000 21.2176223927
1.7500000000 22.0836477965
2.2500000000 22.9496732003
2.7500000000 23.8156986041
3.2500000000 24.6817240079
3.7500000000 25.5477494116
20.2500000000 0.4330127019
20.7500000000 1.2990381057
21.2500000000 2.1650635095
21.7500000000 3.0310889132
22.2500000000 3.8971143170
22.7500000000 4.7631397208
23.2500000000 5.6291651246
23.7500000000 6.4951905284
24.2500000000 7.3612159322
24.7500000000 8.2272413360
25.2500000000 9.0932667397
25.7500000000 9.9592921435
26.2500000000 10.8253175473
26.7500000000 11.6913429511
27.2500000000 12.5573683549
27.7500000000 13.4233937587
28.2500000000 14.2894191624
28.7500000000 15.1554445662
29.2500000000 16.0214699700
29.7500000000 16.8874953738
0.2500000000 17.7535207776
0.7500000000 18.6195461814
1.2500000000 19.4855715851
1.7500000000 20.3515969889
2.2500000000 21.2176223927
2.7500000000 22.0836477965
3.2500000000 22.9496732003
3.7500000000 23.8156986041
4.2500000000 24.6817240079
4.7500000000 25.5477494116
21.2500000000 0.4330127019
21.7500000000 1.2990381057
22.2500000000 2.1650635095
22.7500000000 3.0310889132
23.2500000000 3.8971143170
23.7500000000 4.7631397208
24.2500000000 5.6291651246
24.7500000000 6.4951905284
25.2500000000 7.3612159322
25.7500000000 8.2272413360
26.2500000000 9.0932667397
26.7500000000 9.9592921435
27.2500000000 10.8253175473
27.7500000000 11.6913429511
28.2500000000 12.5573683549
28.7500000000 13.4233937587
29.2500000000 14.2894191624
29.7500000000 15.1554445662
0.2500000000 16.0214699700
0.7500000000 16.8874953738
1.2500000000 17.7535207776
1.7500000000 18.6195461814
2.2500000000 19.4855715851
2.7500000000 20.3515969889
3.2500000000 21.2176223927
3.7500000000 22.0836477965
4.2500000000 22.9496732003
4.7500000000 23.8156986041
5.2500000000 24.6817240079
5.7500000000 25.5477494116
22.2500000000 0.4330127019
22.7500000000 1.2990381057
23.2500000000 2.1650635095
23.7500000000 3.0310889132
24.2500000000 3.8971143170
24.7500000000 4.7631397208
25.2500000000 5.6291651246
25.7500000000 6.4951905284
26.2500000000 7.3612159322
26.7500000000 8.2272413360
27.2500000000 9.0932667397
27.7500000000 9.9592921435
28.2500000000 10.8253175473
28.7500000000 11.6913429511
29.2500000000 12.5573683549
29.7500000000 13.4233937587
0.2500000000 14.2894191624
0.7500000000 15.1554445662
1.2500000000 16.0214699700
1.7500000000 16.8874953738
2.2500000000 17.7535207776
2.7500000000 18.6195461814
3.2500000000 19.4855715851
3.7500000000 20.3515969889
4.2500000000 21.2176223927
4.7500000000 22.0836477965
5.2500000000 22.9496732003
5.7500000000 23.8156986041
6.2500000000 24.6817240079
6.7500000000 25.5477494116
23.2500000000 0.4330127019
23.7500000000 1.2990381057
24.2500000000 2.1650635095
24.7500000000 3.0310889132
25.2500000000 3.8971143170
25.7500000000 4.7631397208
26.2500000000 5.6291651246
26.7500000000 6.4951905284
27.2500000000 7.3612159322
27.7500000000 8.2272413360
28.2500000000 9.0932667397
28.7500000000 9.9592921435
29.2500000000 10.8253175473
29.7500000000 11.6913429511
0.2500000000 12.5573683549
0.7500000000 13.4233937587
1.2500000000 14.2894191624
1.7500000000 15.1554445662
2.2500000000 16.0214699700
2.7500000000 16.8874953738
3.2500000000 17.7535207776
3.7500000000 18.6195461814
4.2500000000 19.4855715851
4.7500000000 20.3515969889
5.2500000000 21.2176223927
5.7500000000 22.0836477965
6.2500000000 22.9496732003
6.7500000000 23.8156986041
7.2500000000 24.6817240079
7.7500000000 25.5477494116
24.2500000000 0.4330127019
24.7500000000 1.2990381057
25.2500000000 2.1650635095
25.7500000000 3.0310889132
26.2500000000 3.8971143170
26.7500000000 4.7631397208
27.2500000000 5.6291651246
27.7500000000 6.4951905284
28.2500000000 7.3612159322
28.7500000000 8.2272413360
29.2500000000 9.0932667397
29.7500000000 9.9592921435
0.2500000000 10.8253175473
0.7500000000 11.6913429511
1.2500000000 12.5573683549
1.7500000000 13.4233937587
2.2500000000 14.2894191624
2.7500000000 15.1554445662
3.2500000000 16.0214699700
3.7500000000 16.8874953738
4.2500000000 17.7535207776
4.7500000000 18.6195461814
5.2500000000 19.4855715851
5.7500000000 20.3515969889
6.2500000000 21.2176223927
6.7500000000 22.0836477965
7.2500000000 22.9496732003
7.7500000000 23.8156986041
8.2500000000 24.6817240079
8.7500000000 25.5477494116
25.2500000000 0.4330127019
25.7500000000 1.2990381057
26.2500000000 2.1650635095
26.7500000000 3.0310889132
27.2500000000 3.8971143170
27.7500000000 4.7631397208
28.2500000000 5.6291651246
28.7500000000 6.4951905284
29.2500000000 7.3612159322
29.7500000000 8.2272413360
0.2500000000 9.0932667397
0.7500000000 9.9592921435
1.2500000000 10.8253175473
1.7500000000 11.6913429511
2.2500000000 12.5573683549
2.7500000000 13.4233937587
3.2500000000 14.2894191624
3.7500000000 15.1554445662
4.2500000000 16.0214699700
4.7500000000 16.8874953738
5.2500000000 17.7535207776
5.7500000000 18.6195461814
6.2500000000 19.4855715851
6.7500000000 20.3515969889
7.2500000000 21.2176223927
7.7500000000 22.0836477965
8.2500000000 22.9496732003
8.7500000000 23.8156986041
9.2500000000 24.6817240079
9.7500000000 25.5477494116
26.2500000000 0.4330127019
26.7500000000 1.2990381057
27.2500000000 2.1650635095
27.7500000000 3.0310889132
28.2500000000 3.8971143170
28.7500000000 4.7631397208
29.2500000000 5.6291651246
29.7500000000 6.4951905284
0.2500000000 7.3612159322
0.7500000000 8.2272413360
1.2500000000 9.0932667397
1.7500000000 9.9592921435
2.2500000000 10.8253175473
2.7500000000 11.6913429511
3.2500000000 12.5573683549
3.7500000000 13.4233937587
4.2500000000 14.2894191624
4.7500000000 15.1554445662
5.2500000000 16.0214699700
5.7500000000 16.8874953738
6.2500000000 17.7535207776
6.7500000000 18.6195461814
7.2500000000 19.4855715851
7.7500000000 20.3515969889
8.2500000000 21.2176223927
8.7500000000 22.0836477965
9.2500000000 22.9496732003
9.7500000000 23.8156986041
10.2500000000 24.6817240079
10.7500000000 25.5477494116
27.2500000000 0.4330127019
27.7500000000 1.2990381057
28.2500000000 2.1650635095
28.7500000000 3.0310889132
29.2500000000 3.8971143170
29.7500000000 4.7631397208
0.2500000000 5.6291651246
0.7500000000 6.4951905284
1.2500000000 7.3612159322
1.7500000000 8.2272413360
2.2500000000 9.0932667397
2.7500000000 9.9592921435
3.2500000000 10.8253175473
3.7500000000 11.6913429511
4.2500000000 12.5573683549
4.7500000000 13.4233937587
5.2500000000 14.2894191624
5.7500000000 15.1554445662
6.2500000000 16.0214699700
6.7500000000 16.8874953738
7.2500000000 17.7535207776
7.7500000000 18.6195461814
8.2500000000 19.4855715851
8.7500000000 20.3515969889
9.2500000000 21.2176223927
9.7500000000 22.0836477965
10.2500000000 22.9496732003
10.7500000000 23.8156986041
11.2500000000 24.6817240079
11.7500000000 25.5477494116
28.2500000000 0.4330127019
28.7500000000 1.2990381057
29.2500000000 2.1650635095
29.7500000000 3.0310889132
0.2500000000 3.8971143170
0.7500000000 4.7631397208
1.2500000000 5.6291651246
1.7500000000 6.4951905284
2.2500000000 7.3612159322
2.7500000000 8.2272413360
3.2500000000 9.0932667397
3.7500000000 9.9592921435
4.2500000000 10.8253175473
4.7500000000 11.6913429511
5.2500000000 12.5573683549
6.7500000000 15.1554445662
7.2500000000 16.0214699700
7.7500000000 16.8874953738
8.2500000000 17.7535207776
8.7500000000 18.6195461814
9.2500000000 19.4855715851
9.7500000000 20.3515969889
10.2500000000 21.2176223927
10.7500000000 22.0836477965
11.2500000000 22.9496732003
11.7500000000 23.8156986041
12.2500000000 24.6817240079
12.7500000000 25.5477494116
29.2500000000 0.4330127019
29.7500000000 1.2990381057
0.2500000000 2.1650635095
0.7500000000 3.0310889132
1.2500000000 3.8971143170
1.7500000000 4.7631397208
2.2500000000 5.6291651246
2.7500000000 6.4951905284
3.2500000000 7.3612159322
3.7500000000 8.2272413360
4.2500000000 9.0932667397
4.7500000000 9.9592921435
5.2500000000 10.8253175473
5.7500000000 11.6913429511
6.2500000000 12.5573683549
7.2500000000 14.2894191624
7.7500000000 15.1554445662
8.2500000000 16.0214699700
8.7500000000 16.8874953738
9.2500000000 17.7535207776
9.7500000000 18.6195461814
10.2500000000 19.4855715851
10.7500000000 20.3515969889
11.2500000000 21.2176223927
11.7500000000 22.0836477965
12.2500000000 22.9496732003
12.7500000000 23.8156986041
13.2500000000 24.6817240079
13.7500000000 25.5477494116
